0.007651
-0.001491
0.009841
0.023537
-0.002135
-0.003419
0.023717
0.012897
-0.006197
0.008029
-0.006350
-0.007103
0.003474
-0.028325
-0.027090
-0.009589
-0.015472
0.004140
-0.013213
-0.021645
0.021102
-0.002132
0.001106
-0.021116
-0.009022
0.001413
-0.016994
0.004986
-0.008560
-0.004603
-0.009056
0.027531
0.001374
-0.015597
0.011758
-0.017525
0.002457
-0.029072
-0.021176
0.002094
0.011382
0.003340
-0.001368
-0.004385
-0.022197
-0.011708
-0.007295
0.015692
0.006139
-0.025939
0.070000
-0.005388
-0.010223
0.008864
0.016108
0.014975
-0.011640
-0.005020
0.004918
0.015079
-0.006234
-0.002897
-0.016540
-0.018570
0.011459
0.021117
0.000176
0.015262
0.006388
-0.009157
0.005163
0.023529
0.000839
0.023712
-0.037911
0.010633
0.002037
-0.004183
0.001367
-0.029545
-0.004572
0.005328
0.022635
-0.006442
-0.012250
-0.007939
0.013534
0.005808
-0.007456
0.007526
0.002032
0.014831
-0.009589
-0.005194
-0.005941
-0.022050
0.003539
0.004293
0.000491
-0.003294
-0.021195
-0.007169
-0.005299
-0.012099
-0.002824
0.006120
0.028799
0.004259
0.004276
-0.000703
-0.028617
-0.001629
0.001022
0.037200
-0.000825
0.004682
-0.000087
-0.017334
0.016476
0.012303
-0.060000
-0.012807
0.020602
-0.019798
0.008013
0.033457
-0.012985
-0.008944
0.001248
-0.007290
-0.023424
0.000057
-0.015732
0.006517
-0.013265
0.022786
-0.010410
-0.005151
0.012145
-0.017656
0.002729
0.019944
-0.022915
0.001824
0.004189
0.012137
-0.017747
-0.020494
0.007004
0.005005
0.004208
0.005607
-0.009720
0.003198
0.004756
-0.010277
0.027673
0.008691
-0.017235
0.009187
-0.013961
0.011308
0.018144
-0.011203
0.014090
0.007096
0.012886
0.029296
-0.002016
-0.011207
-0.013703
-0.012722
-0.001593
0.005238
0.004612
0.012838
0.001037
0.022055
-0.002667
0.040869
0.011628
-0.012076
-0.016467
0.006614
-0.002821
0.010769
0.007837
-0.000501
-0.012527
-0.023149
-0.007655
0.012663
0.004045
-0.018284
0.001884
0.006074
-0.012754
0.001868
0.001167
-0.016886
0.055000
0.008848
0.016888
0.016851
-0.019622
-0.014848
0.007183
0.008266
0.008339
0.058408
0.011684
0.017818
0.015401
0.010741
-0.003992
0.011385
-0.010823
-0.003893
-0.007275
0.001064
0.034973
-0.026060
0.009191
-0.023531
-0.008056
0.016131
0.001971
-0.015868
-0.011323
0.009828
-0.010264
0.002934
0.001030
-0.009522
0.031883
0.011303
-0.029612
0.001516
-0.009651
0.012504
-0.011063
-0.002074
0.007671
0.013570
-0.017126
-0.005674
-0.007208
-0.009960
0.026184
0.007584
-0.018334
0.013051
